0001 buffer_0 17 north 9 39.5389 -78.4567
0002 buffer_1 12 north 9 40.5119 -110.3408
0003 buffer_2 10 north 9 43.5861 -123.5542
0004 buffer_20 10 north 9 41.2214 -86.9644
0005 buffer_28 15 north 9 46.4703 -122.0975
0006 buffer_31 11 north 9 41.5217 -77.4478
0007 buffer_35 14 north 9 45.2417 -121.0939
0008 buffer_36 16 north 9 37.5439 -81.0106
0009 buffer_46 16 north 9 46.4417 -121.8628
0010 buffer_49 13 north 9 42.3214 -75.3169
0011 buffer_5 17 north 9 47.6661 -121.9242
0012 buffer_9 18 north 9 44.1139 -120.7944
0013 buffer_10 10 north 6 38.1797 -81.7117
0014 buffer_12 17 north 6 39.525 -120.9369
0015 buffer_13 10 north 6 48.3653 -120.115
0016 buffer_14 10 north 6 38.2375 -86.2283
0017 buffer_16 15 north 6 37.7592 -92.4517
0018 buffer_18 16 north 6 42.1958 -88.9986
0019 buffer_19 13 north 6 40.7819 -86.2639
0020 buffer_21 15 north 6 42.4597 -103.1708
0021 buffer_22 16 north 6 38.3797 -119.4492
0022 buffer_23 16 north 6 30.6403 -92.8139
0023 buffer_24 12 north 6 32.3264 -88.9097
0024 buffer_26 14 north 6 42.7506 -84.5553
0025 buffer_27 17 north 6 33.0611 -108.5367
0026 buffer_30 11 north 6 31.0817 -98.0164
0027 buffer_33 10 north 6 37.0036 -96.315
0028 buffer_37 18 north 6 34.4444 -82.1764
0029 buffer_38 15 north 6 43.5742 -90.6431
0030 buffer_39 17 north 6 45.1119 -110.7936
0031 buffer_4 10 north 6 46.1506 -115.5864
0032 buffer_42 11 north 6 47.5722 -116.2528
0033 buffer_44 15 north 6 39.0164 -90.9833
0034 buffer_45 19 north 6 42.4472 -121.2375
0035 buffer_47 14 north 6 46.7761 -123.0344
0036 buffer_7 17 north 6 28.2917 -97.2789
0037 buffer_8 10 north 6 34.6242 -86.3064
0038 buffer_11 10 north 4 40.0822 -76.7203
0039 buffer_15 16 north 4 35.5769 -94.0153
0040 buffer_17 16 north 4 40.5147 -82.1956
0041 buffer_25 14 north 4 31.2211 -81.8675
0042 buffer_29 12 north 4 47.1514 -121.9486
0043 buffer_3 16 north 4 36.4067 -118.9533
0044 buffer_32 15 north 4 33.1069 -116.8653
0045 buffer_34 10 north 4 43.0625 -92.6731
0046 buffer_40 17 north 4 44.7072 -69.9392
0047 buffer_41 10 north 4 30.5539 -84.3842
0048 buffer_43 11 north 4 40.3328 -98.0667
0049 buffer_48 12 north 4 43.2425 -109.0097
0050 buffer_6 10 north 4 35.4028 -104.4431
